0
801372531
83985114
884580150
165902236
-553798522
243734294
-478735844
315564804
1107919891
379625062
1167489969
434337692
-301492422
478355485
-263246078
510594579
1281287251
530261140
1294466043
536870912
-224034207
530261140
-237212999
510594579
1255254172
478355485
1217007828
434337692
-351010281
379625062
-410580359
315564804
1039764406
243734294
964701728
165902236
-633920100
83985114
-717127719
0
717127719
-83985114
633920100
-165902236
-964701728
-243734294
-1039764406
-315564804
410580359
-379625062
351010281
-434337692
-1217007828
-478355485
-1255254172
-510594579
237212999
-530261140
224034207
-536870912
-1294466043
-530261140
-1281287251
-510594579
263246078
-478355485
301492422
-434337692
-1167489969
-379625062
-1107919891
-315564804
478735844
-243734294
553798522
-165902236
-884580150
-83985114
-801372531
0
801372531
83985114
884580150
165902236
-553798522
243734294
-478735844
315564804
1107919891
379625062
1167489969
434337692
-301492422
478355485
-263246078
510594579
1281287251
530261140
1294466043
536870912
-224034207
530261140
-237212999
510594579
1255254172
478355485
1217007828
434337692
-351010281
379625062
-410580359
315564804
1039764406
243734294
964701728
165902236
-633920100
83985114
-717127719
0
717127719
-83985114
633920100
-165902236
-964701728
-243734294
-1039764406
-315564804
410580359
-379625062
351010281
-434337692
-1217007828
-478355485
-1255254172
-510594579
237212999
-530261140
224034207
-536870912
-1294466043
-530261140
-1281287251
-510594579
263246078
-478355485
301492422
-434337692
-1167489969
-379625062
-1107919891
-315564804
478735844
-243734294
553798522
-165902236
-884580150
-83985114
-801372531
0
801372531
83985114
884580150
165902236
-553798522
243734294
-478735844
315564804
1107919891
379625062
1167489969
434337692
-301492422
478355485
-263246078
510594579
1281287251
530261140
1294466043
536870912
-224034207
530261140
-237212999
510594579
1255254172
478355485
1217007828
434337692
-351010281
379625062
-410580359
315564804
1039764406
243734294
964701728
165902236
-633920100
83985114
-717127719
0
717127719
-83985114
633920100
-165902236
-964701728
-243734294
-1039764406
-315564804
410580359
-379625062
351010281
-434337692
-1217007828
-478355485
-1255254172
-510594579
237212999
-530261140
224034207
-536870912
-1294466043
-530261140
-1281287251
-510594579
263246078
-478355485
301492422
-434337692
-1167489969
-379625062
-1107919891
-315564804
478735844
-243734294
553798522
-165902236
-884580150
-83985114
-801372531
0
801372531
83985114
884580150
165902236
-553798522
243734294
-478735844
315564804
1107919891
379625062
1167489969
434337692
-301492422
478355485
-263246078
510594579
1281287251
530261140
1294466043
536870912
-224034207
530261140
-237212999
510594579
1255254172
478355485
1217007828
434337692
-351010281
379625062
-410580359
315564804
1039764406
243734294
964701728
165902236
-633920100
83985114
-717127719
0
717127719
-83985114
633920100
-165902236
-964701728
-243734294
-1039764406
-315564804
410580359
-379625062
351010281
-434337692
-1217007828
-478355485
-1255254172
-510594579
237212999
-530261140
224034207
-536870912
-1294466043
-530261140
-1281287251
-510594579
263246078
-478355485
301492422
-434337692
-1167489969
-379625062
-1107919891
-315564804
478735844
-243734294
553798522
-165902236
-884580150
-83985114
-801372531
0
801372531
83985114
884580150
165902236
-553798522
243734294
-478735844
315564804
1107919891
379625062
1167489969
434337692
-301492422
478355485
-263246078
510594579
1281287251
530261140
1294466043
536870912
-224034207
530261140
-237212999
510594579
1255254172
478355485
1217007828
434337692
-351010281
379625062
-410580359
315564804
1039764406
243734294
964701728
165902236
-633920100
83985114
-717127719
0
717127719
-83985114
633920100
-165902236
-964701728
-243734294
-1039764406
-315564804
410580359
-379625062
351010281
-434337692
-1217007828
-478355485
-1255254172
-510594579
237212999
-530261140
224034207
-536870912
-1294466043
-530261140
-1281287251
-510594579
263246078
-478355485
301492422
-434337692
-1167489969
-379625062
-1107919891
-315564804
478735844
-243734294
553798522
-165902236
-884580150
-83985114
-801372531
0
801372531
83985114
884580150
165902236
-553798522
243734294
-478735844
315564804
1107919891
379625062
1167489969
434337692
-301492422
478355485
-263246078
510594579
1281287251
530261140
1294466043
536870912
-224034207
530261140
-237212999
510594579
1255254172
478355485
1217007828
434337692
-351010281
379625062
-410580359
315564804
1039764406
243734294
964701728
165902236
-633920100
83985114
-717127719
0
